3.300000000000000000e+02 5.700000000000000000e+01
4.960000000000000000e+02 7.600000000000000000e+01
6.080000000000000000e+02 1.280000000000000000e+02
6.680000000000000000e+02 1.810000000000000000e+02
7.010000000000000000e+02 2.540000000000000000e+02
7.020000000000000000e+02 3.200000000000000000e+02
6.690000000000000000e+02 3.920000000000000000e+02
5.750000000000000000e+02 4.470000000000000000e+02
4.250000000000000000e+02 4.450000000000000000e+02
3.060000000000000000e+02 4.190000000000000000e+02
2.030000000000000000e+02 3.270000000000000000e+02
1.730000000000000000e+02 2.310000000000000000e+02
1.860000000000000000e+02 1.580000000000000000e+02
2.120000000000000000e+02 1.080000000000000000e+02
2.500000000000000000e+02 8.800000000000000000e+01
2.830000000000000000e+02 7.500000000000000000e+01
3.190000000000000000e+02 6.100000000000000000e+01
