3.200000000000000000e+01 3.700000000000000000e+01
7.580000000000000000e+02 4.200000000000000000e+01
7.470000000000000000e+02 1.020000000000000000e+02
6.620000000000000000e+02 1.370000000000000000e+02
5.570000000000000000e+02 1.220000000000000000e+02
4.790000000000000000e+02 9.700000000000000000e+01
4.560000000000000000e+02 1.590000000000000000e+02
5.540000000000000000e+02 1.770000000000000000e+02
6.720000000000000000e+02 1.840000000000000000e+02
6.980000000000000000e+02 2.460000000000000000e+02
5.650000000000000000e+02 2.770000000000000000e+02
4.610000000000000000e+02 2.080000000000000000e+02
3.840000000000000000e+02 2.260000000000000000e+02
4.680000000000000000e+02 2.900000000000000000e+02
3.810000000000000000e+02 3.620000000000000000e+02
2.910000000000000000e+02 2.550000000000000000e+02
3.710000000000000000e+02 1.250000000000000000e+02
2.040000000000000000e+02 1.240000000000000000e+02
8.700000000000000000e+01 1.010000000000000000e+02
7.300000000000000000e+01 2.180000000000000000e+02
2.120000000000000000e+02 1.890000000000000000e+02
1.780000000000000000e+02 3.060000000000000000e+02
7.900000000000000000e+01 3.260000000000000000e+02
8.200000000000000000e+01 4.340000000000000000e+02
2.420000000000000000e+02 4.340000000000000000e+02
3.700000000000000000e+02 4.580000000000000000e+02
5.100000000000000000e+02 4.080000000000000000e+02
6.380000000000000000e+02 3.340000000000000000e+02
7.420000000000000000e+02 4.250000000000000000e+02
7.140000000000000000e+02 5.240000000000000000e+02
6.000000000000000000e+02 5.380000000000000000e+02
6.210000000000000000e+02 4.370000000000000000e+02
4.760000000000000000e+02 5.190000000000000000e+02
3.420000000000000000e+02 5.490000000000000000e+02
1.880000000000000000e+02 5.360000000000000000e+02
9.100000000000000000e+01 5.400000000000000000e+02
