4.500000000000000000e+01 2.700000000000000000e+01
1.480000000000000000e+02 4.300000000000000000e+01
1.910000000000000000e+02 9.700000000000000000e+01
1.670000000000000000e+02 1.350000000000000000e+02
1.200000000000000000e+02 1.770000000000000000e+02
8.300000000000000000e+01 2.060000000000000000e+02
8.000000000000000000e+01 2.650000000000000000e+02
1.210000000000000000e+02 2.890000000000000000e+02
2.330000000000000000e+02 2.870000000000000000e+02
2.820000000000000000e+02 2.290000000000000000e+02
2.860000000000000000e+02 1.680000000000000000e+02
2.920000000000000000e+02 9.800000000000000000e+01
3.240000000000000000e+02 6.200000000000000000e+01
4.230000000000000000e+02 5.800000000000000000e+01
5.350000000000000000e+02 6.100000000000000000e+01
5.770000000000000000e+02 1.000000000000000000e+02
6.040000000000000000e+02 1.380000000000000000e+02
5.960000000000000000e+02 1.670000000000000000e+02
5.470000000000000000e+02 1.810000000000000000e+02
4.810000000000000000e+02 1.820000000000000000e+02
4.380000000000000000e+02 1.960000000000000000e+02
4.230000000000000000e+02 2.120000000000000000e+02
4.640000000000000000e+02 2.440000000000000000e+02
5.200000000000000000e+02 2.520000000000000000e+02
5.850000000000000000e+02 2.550000000000000000e+02
6.390000000000000000e+02 2.500000000000000000e+02
6.980000000000000000e+02 2.380000000000000000e+02
7.540000000000000000e+02 2.740000000000000000e+02
7.440000000000000000e+02 3.200000000000000000e+02
7.260000000000000000e+02 3.280000000000000000e+02
7.000000000000000000e+02 3.200000000000000000e+02
6.910000000000000000e+02 3.020000000000000000e+02
6.480000000000000000e+02 3.100000000000000000e+02
6.130000000000000000e+02 3.250000000000000000e+02
5.450000000000000000e+02 3.320000000000000000e+02
5.010000000000000000e+02 3.530000000000000000e+02
4.090000000000000000e+02 3.500000000000000000e+02
3.710000000000000000e+02 3.210000000000000000e+02
3.210000000000000000e+02 3.420000000000000000e+02
2.260000000000000000e+02 3.810000000000000000e+02
1.270000000000000000e+02 3.700000000000000000e+02
7.000000000000000000e+01 4.170000000000000000e+02
1.140000000000000000e+02 4.820000000000000000e+02
2.060000000000000000e+02 5.190000000000000000e+02
3.660000000000000000e+02 5.190000000000000000e+02
4.940000000000000000e+02 5.170000000000000000e+02
6.310000000000000000e+02 5.170000000000000000e+02
7.290000000000000000e+02 5.170000000000000000e+02
